0.07
0.03
0.01
0.07
0.08
0.06
0.06
0.07
0.05
0.05
0.03
0.09
0.02
0.06
0.05
0.04
0.08
0.04
0.02
0.05
0.04
0.08
0.02
0.04
0.06
0.03
0.04
0.03
0.04
0.02
0.1
0.03
0.06
0.05
0.06
0.04
0.03
0.06
0.05
0.02
0.04
0.08
0.03
0.1
0.07
0.05
0.03
0.07
0.08
0.06
0.04
0.04
0.03
0.02
0.05
0.02
0.03
0.04
0.07
0.07
0.05
0.1
0.03
0.04
0.06
0.02
0.03
0.02
0.06
0.03
0.04
0.11
0.01
0.02
0.07
0.05
0.05
0.04
0.02
0.08
0.05
0.03
0.04
0.03
0.05
0.07
0.04
0.04
0.06
0.07
0.04
0.03
0.04
0.03
0.03
0.07
0.05
0.04
0.06
0.02
0.052
0.044
0.044
0.05
0.054
0.046
0.05
0.044
0.056
0.05
0.046
0.068
0.028
0.054
0.05
0.048
0.054
0.03
0.042
0.05
0.044
0.048
0.03

