0.07
0.03
0.01
0.07
0.08
0.06
0.06
0.07
0.05
0.05
0.03
0.09
0.02
0.06
0.05
0.04
0.08
0.04
0.02
0.05
0.04
0.08
0.02
0.04
0.06
0.03
0.04
0.03
0.04
0.02
0.1
0.03
0.06
0.05
0.06
0.04
0.03
0.06
0.05
0.02
0.04
0.08
0.03
0.1
0.07
0.05
0.03
0.07
0.08
0.06
0.04
0.04
0.03
0.02
0.05
0.02
0.03
0.04
0.07
0.07
0.05
0.1
0.03
0.04
0.06
0.02
0.03
0.02
0.06
0.03
0.04
0.11
0.01
0.02
0.07
0.05
0.05
0.04
0.02
0.08
0.05
0.03
0.04
0.03
0.05
0.07
0.04
0.04
0.06
0.07
0.04
0.03
0.04
0.03
0.03
0.07
0.05
0.04
0.06
0.02
0.052
0.044
0.044
0.05
0.054
0.046
0.05
0.044
0.056
0.05
0.046
0.068
0.028
0.054
0.05
0.048
0.054
0.03
0.042
0.05
0.044
0.048
0.03
0.064
0.058
0.048
0.05
0.042
0.038
0.032
0.056
0.048
0.046
0.052
0.038
0.054
0.026
0.058
0.048
0.052
0.044
0.05
0.046
0.052
0.06
0.056
0.042
0.046
0.056
0.05
0.05
0.034
0.04
0.036
0.038
0.04
0.032
0.056
0.056
0.056
0.056
0.056
0.038
0.046
0.044
0.034
0.054
0.038
0.026
0.048
0.048
0.066
0.054
0.048
0.058
0.036
0.042
0.048
0.038
0.028
0.04
0.048
0.054
0.05
0.04
0.05
0.052
0.058
0.056
0.042
0.028
0.048
0.05
0.03
0.044
0.07
0.048
0.046
0.038
0.048
0.048
0.044
0.05
0.047
0.053
0.048
0.047
0.049
0.048
0.047
0.048
0.068
0.031
0.053
0.04
0.052
0.05
0.038
0.042
0.047
0.044
0.047
0.035
0.051
0.05
0.043
0.054
0.044
0.043
0.038
0.052
0.045
0.042
0.049
0.044
0.053
0.036
0.052
0.043
0.048
0.052
0.051
0.047
0.052
0.048
0.056
0.044
0.041
0.044
0.047
0.045
0.029
0.04
0.034
