0.05
0.05
0.02
0.06
0.07
0.02
0.04
0.06
0.03
0.07
0.07
0.08
0.04
0.04
0.04
0.03
0.04
0.04
0.05
0.05
0.05
0.02
0.03
0.03
0.03
0.06
0.05
0.05
0.04
0.06
0.05
0.01
0.04
0.06
0.03
0.01
0.07
0.08
0.05
0.05
0.07
0.05
0.05
0.04
0.03
0.02
0.03
0.03
0.05
0.03
0.08
0.03
0.04
0.06
0.05
0.03
0.01
0.06
0.03
0.06
0.07
0.05
0.07
0.03
0.06
0.02
0.04
0.05
0.03
0.04
0.03
0.04
0.02
0.08
0.06
0.05
0.04
0.01
0.02
0.1
0.04
0.04
0.07
0.03
0.07
0.05
0.07
0.08
0.08
0.06
0.07
0.05
0.05
0.05
0.1
0.05
0.03
0.08
0.06
0.07
0.056
0.042
0.046
0.046
0.048
0.038
0.058
0.056
0.036
0.05
0.06
0.044
0.052
0.052
0.038
0.024
0.052
0.022
0.048
0.052
0.056
0.036
0.038
0.046
0.042
0.054
0.04
0.052
0.046
0.04
0.036
0.038
0.046
0.056
0.05
0.038
0.06
0.054
0.04
0.06
0.04
0.05
0.034
0.058
0.034
0.044
0.026
0.056
0.052
0.06
0.058
0.05
0.06
0.054
0.04
0.054
0.048
0.04
0.036
0.046
0.044
0.056
0.056
0.046
0.052
0.052
0.042
0.046
0.038
0.042
0.026
0.044
0.036
0.058
0.054
0.042
0.052
0.052
0.028
0.05
0.022
0.04
0.046
0.034
0.048
0.042
0.046
0.066
0.044
0.054
0.046
0.052
0.046
0.056
0.056
0.036
0.06
0.072
0.05
0.038
0.058
0.043
0.048
0.054
0.044
0.043
0.055
0.053
0.043
0.049
0.052
0.051
0.058
0.048
0.036
0.027
0.049
0.032
0.041
0.045
0.057
0.036
0.039
0.048
0.048
0.052
0.045
0.051
0.044
0.045
0.048
0.038
0.045
0.047
0.044
0.039
0.052
0.053
0.046
0.055
0.053
0.055
0.038
0.054
0.046
0.04
0.036
0.05
0.054
0.057
0.044
0.053
0.047
